Input:
CGCAATTCTGAAGCGCTGGGGAAGACGGGT
TATCCCATCGAACGCCTATTCTAGGAT

Output:
C---GCAATTCTGAAGCGCTGGGGA--AGACGGGT-  ,
TATCCCA-T-C-GAAC----G-CCTATTCTAG-GAT :17

Expected Output:
C--GCAATTCTGAAGCGCTGGGGAAGAC--GGG-T ,
TATCCCATCGA-ACGC-CT----AT-TCTAGG-AT :24

Cost Table:
[0 , 3 , 4 , 7 , 8 , 9 , 11, 13, 16, 18, 19, 20, 21, 22, 25, 26, 29, 31, 32, 33, 34, 35, 36, 37, 38, 39, 42, 43, 44, 45, 47]
[2 , 1 , 10, 5 , 6 , 7 , 7 , 7 , 8 , 8 , 17, 18, 19, 28, 23, 32, 27, 27, 36, 41, 42, 43, 36, 37, 46, 39, 40, 49, 52, 53, 45]
[3 , 2 , 6 , 6 , 5 , 5 , 6 , 7 , 8 , 9 , 13, 13, 13, 18, 19, 24, 25, 26, 31, 36, 41, 46, 36, 36, 41, 39, 40, 45, 50, 55, 46]
[5 , 3 , 11, 7 , 6 , 6 , 5 , 5 , 6 , 6 , 15, 14, 14, 22, 19, 28, 25, 25, 34, 40, 45, 50, 37, 37, 45, 40, 40, 49, 54, 59, 46]
[8 , 3 , 4 , 4 , 5 , 6 , 6 , 6 , 5 , 6 , 7 , 8 , 9 , 10, 10, 11, 11, 12, 13, 14, 15, 16, 17, 18, 19, 20, 20, 21, 22, 23, 24]
[11, 3 , 4 , 4 , 5 , 6 , 7 , 7 , 5 , 6 , 7 , 8 , 9 , 10, 10, 11, 11, 12, 13, 14, 15, 16, 17, 18, 19, 20, 20, 21, 22, 23, 24]
[14, 3 , 4 , 4 , 5 , 6 , 7 , 8 , 5 , 6 , 7 , 8 , 9 , 10, 10, 11, 11, 12, 13, 14, 15, 16, 17, 18, 19, 20, 20, 21, 22, 23, 24]
[15, 4 , 8 , 5 , 4 , 4 , 5 , 6 , 6 , 6 , 11, 7 , 7 , 12, 11, 15, 12, 12, 17, 18, 19, 20, 16, 16, 21, 19, 20, 25, 26, 27, 24]
[17, 5 , 13, 6 , 5 , 5 , 4 , 4 , 5 , 5 , 14, 8 , 8 , 16, 12, 20, 13, 12, 21, 26, 27, 28, 17, 17, 25, 20, 20, 29, 34, 35, 24]
[20, 5 , 6 , 6 , 6 , 6 , 5 , 5 , 4 , 5 , 6 , 7 , 8 , 9 , 9 , 10, 10, 11, 12, 13, 14, 15, 16, 17, 18, 19, 19, 20, 21, 22, 23]
[21, 6 , 5 , 6 , 11, 11, 14, 14, 5 , 13, 5 , 10, 12, 8 , 9 , 9 , 10, 19, 11, 11, 11, 11, 16, 21, 17, 22, 20, 19, 19, 19, 28]
[22, 7 , 10, 6 , 6 , 6 , 7 , 8 , 6 , 6 , 10, 5 , 5 , 10, 9 , 14, 10, 11, 16, 16, 16, 16, 11, 11, 16, 16, 17, 22, 24, 24, 20]
[23, 8 , 12, 7 , 6 , 6 , 7 , 8 , 7 , 7 , 11, 5 , 5 , 10, 10, 14, 11, 11, 16, 21, 21, 21, 11, 11, 16, 16, 17, 22, 27, 29, 21]
[26, 8 , 9 , 7 , 7 , 7 , 7 , 8 , 7 , 8 , 8 , 6 , 6 , 6 , 6 , 7 , 7 , 8 , 9 , 10, 11, 12, 12, 12, 12, 13, 13, 14, 15, 16, 17]
[27, 9 , 8 , 8 , 12, 12, 16, 16, 8 , 16, 8 , 11, 11, 6 , 7 , 6 , 7 , 16, 8 , 8 , 8 , 8 , 13, 17, 12, 17, 14, 13, 13, 13, 22]
[30, 9 , 9 , 8 , 9 , 10, 11, 12, 8 , 9 , 9 , 9 , 10, 7 , 6 , 7 , 6 , 7 , 8 , 9 , 9 , 9 , 9 , 10, 11, 12, 12, 13, 14, 14, 14]
[33, 9 , 10, 8 , 9 , 10, 11, 12, 8 , 9 , 10, 10, 10, 8 , 6 , 7 , 6 , 7 , 8 , 9 , 10, 10, 10, 10, 11, 12, 12, 13, 14, 15, 15]
[35, 10, 18, 9 , 9 , 10, 10, 10, 9 , 8 , 17, 11, 11, 17, 7 , 15, 7 , 6 , 15, 17, 18, 19, 11, 11, 19, 12, 13, 21, 22, 23, 15]
[36, 11, 15, 10, 9 , 9 , 10, 11, 10, 9 , 13, 11, 11, 16, 8 , 12, 8 , 7 , 11, 16, 21, 23, 11, 11, 16, 12, 13, 18, 23, 27, 16]
[38, 12, 20, 11, 10, 10, 9 , 9 , 10, 9 , 18, 12, 12, 20, 9 , 17, 9 , 7 , 16, 20, 25, 30, 12, 12, 20, 13, 13, 22, 27, 32, 16]
[40, 13, 21, 12, 11, 11, 9 , 9 , 10, 9 , 18, 13, 13, 21, 10, 18, 10, 7 , 16, 25, 29, 34, 13, 13, 21, 14, 14, 22, 31, 36, 16]
[43, 13, 14, 12, 12, 12, 10, 10, 9 , 10, 10, 11, 12, 13, 10, 11, 10, 8 , 8 , 9 , 10, 11, 12, 13, 14, 15, 14, 15, 16, 17, 17]
[45, 14, 22, 13, 13, 13, 10, 10, 10, 9 , 18, 11, 12, 21, 11, 19, 11, 8 , 17, 17, 18, 19, 12, 13, 22, 15, 15, 23, 24, 25, 17]
[46, 15, 19, 14, 13, 13, 11, 11, 11, 10, 14, 11, 11, 16, 12, 16, 12, 9 , 13, 18, 22, 23, 12, 12, 17, 15, 16, 20, 25, 29, 18]
[47, 16, 15, 15, 18, 18, 20, 20, 12, 19, 10, 15, 16, 11, 12, 12, 13, 18, 9 , 9 , 9 , 9 , 14, 17, 12, 17, 16, 16, 16, 16, 25]
[48, 17, 15, 16, 20, 23, 27, 29, 13, 21, 10, 15, 20, 11, 12, 12, 13, 22, 9 , 9 , 9 , 9 , 14, 19, 12, 17, 17, 16, 16, 16, 25]
[49, 18, 20, 16, 16, 16, 17, 18, 14, 14, 15, 10, 10, 15, 12, 17, 13, 14, 14, 14, 14, 14, 9 , 9 , 14, 12, 13, 18, 21, 21, 17]
[51, 19, 27, 17, 17, 17, 16, 16, 15, 14, 23, 11, 11, 19, 13, 21, 14, 13, 22, 23, 23, 23, 10, 10, 18, 13, 13, 22, 27, 30, 17]
