Input:
-TATCCCATCGAACGCCTATTCTAGGAT
-CGCAATTCTGAAGCGCTGGGGAAGACGGGT

Str 1 Len: 28
Str 2 Len: 31

Output:
Calculated cost: 24
Actual cost: 24
-TATCCCATCGA-ACGC-CTA----TTCTAGGA-T,
---CGCAATTCTGAAGCGCT-GGGGAAGACGG-GT:24

Expected Output:
C--GCAATTCTGAAGCGCTGGGGAAGAC--GGG-T,
TATCCCATCGA-ACGC-CT----AT-TCTAGG-AT:24

--- COST TABLE ---
	     1    2    3    4    5    6    7    8    9   10   11   12   13   14   15   16   17   18   19   20   21   22   23   24   25   26   27   28
	 ____________________________________________________________________________________________________________________________________________
   1 [   0,   2,   3,   5,   8,  11,  14,  15,  17,  20,  21,  22,  23,  26,  27,  30,  33,  35,  36,  38,  40,  43,  45,  46,  47,  48,  49,  51]

   2 [   3,   1,   2,   4,   5,   8,  11,  12,  14,  17,  18,  19,  20,  23,  24,  27,  30,  32,  33,  35,  37,  40,  42,  43,  44,  45,  46,  48]

   3 [   4,   2,   3,   5,   5,   6,   9,  10,  12,  15,  16,  17,  18,  21,  22,  25,  28,  30,  31,  33,  35,  38,  40,  41,  42,  43,  44,  46]

   4 [   7,   5,   3,   4,   5,   5,   6,   7,   9,  12,  13,  14,  15,  18,  19,  22,  25,  27,  28,  30,  32,  35,  37,  38,  39,  40,  41,  43]

   5 [   8,   6,   4,   4,   5,   6,   6,   6,   8,  10,  11,  12,  13,  16,  17,  20,  23,  25,  26,  28,  30,  33,  35,  36,  37,  38,  39,  41]

   6 [   9,   7,   5,   5,   5,   6,   7,   6,   7,   9,  10,  11,  12,  14,  15,  18,  21,  23,  24,  26,  28,  31,  33,  34,  35,  36,  37,  39]

   7 [  11,   9,   7,   5,   6,   6,   7,   8,   6,   8,   9,  10,  11,  13,  14,  16,  19,  21,  22,  24,  26,  29,  31,  32,  33,  34,  35,  37]

   8 [  13,  11,   9,   7,   6,   7,   7,   8,   8,   7,   8,   9,  10,  12,  13,  15,  17,  19,  20,  22,  24,  27,  29,  30,  31,  32,  33,  35]

   9 [  16,  14,  12,  10,   7,   6,   7,   8,   9,   8,   8,   9,  10,  10,  11,  13,  15,  17,  18,  20,  22,  24,  26,  27,  28,  29,  30,  32]

  10 [  18,  16,  14,  12,   9,   8,   7,   8,   8,  10,  10,   9,  10,  11,  12,  12,  14,  15,  16,  18,  20,  23,  24,  25,  26,  27,  28,  30]

  11 [  19,  17,  15,  13,  10,   9,   8,   9,   9,   9,  10,  10,  11,  11,  11,  13,  13,  15,  16,  18,  20,  21,  23,  24,  25,  26,  27,  29]

  12 [  20,  18,  16,  14,  11,  10,   9,   8,  10,  10,  11,  10,  10,  12,  12,  12,  14,  14,  15,  17,  19,  21,  22,  23,  24,  25,  26,  28]

  13 [  21,  19,  17,  15,  12,  11,  10,   9,   9,  11,  12,  11,  10,  11,  12,  13,  13,  15,  14,  16,  18,  20,  22,  22,  23,  24,  25,  27]

  14 [  22,  20,  18,  16,  13,  12,  11,  10,  10,  10,  11,  12,  11,  11,  11,  13,  14,  16,  15,  17,  19,  19,  21,  22,  22,  23,  24,  26]

  15 [  25,  23,  21,  19,  16,  13,  12,  12,  11,  10,  11,  12,  13,  11,  12,  11,  13,  15,  16,  16,  18,  19,  20,  21,  22,  23,  24,  25]

  16 [  26,  24,  22,  20,  17,  14,  13,  13,  12,  11,  10,  11,  12,  12,  11,  12,  12,  14,  15,  17,  19,  19,  21,  22,  21,  22,  23,  25]

  17 [  29,  27,  25,  23,  20,  17,  14,  14,  14,  12,  12,  11,  12,  12,  13,  11,  12,  13,  14,  16,  18,  19,  20,  21,  22,  22,  23,  24]

  18 [  31,  29,  27,  25,  22,  19,  16,  15,  14,  14,  14,  13,  12,  13,  14,  13,  12,  12,  13,  14,  16,  19,  19,  20,  21,  22,  23,  23]

  19 [  32,  30,  28,  26,  23,  20,  17,  16,  15,  15,  14,  14,  13,  13,  13,  14,  13,  13,  14,  15,  17,  17,  19,  20,  20,  21,  22,  24]

  20 [  33,  31,  29,  27,  24,  21,  18,  17,  16,  16,  15,  15,  14,  14,  13,  14,  14,  14,  15,  16,  18,  18,  20,  21,  20,  20,  21,  23]

  21 [  34,  32,  30,  28,  25,  22,  19,  18,  17,  17,  16,  16,  15,  15,  14,  14,  15,  15,  16,  17,  19,  19,  21,  22,  21,  20,  21,  23]

  22 [  35,  33,  31,  29,  26,  23,  20,  19,  18,  18,  17,  17,  16,  16,  15,  15,  15,  16,  17,  18,  20,  20,  22,  23,  22,  21,  22,  24]

  23 [  36,  34,  32,  30,  27,  24,  21,  20,  19,  19,  18,  17,  17,  17,  16,  16,  16,  16,  16,  18,  19,  21,  21,  22,  23,  22,  21,  23]

  24 [  37,  35,  33,  31,  28,  25,  22,  21,  20,  20,  19,  18,  17,  18,  17,  17,  17,  17,  16,  17,  19,  20,  22,  21,  22,  23,  22,  22]

  25 [  38,  36,  34,  32,  29,  26,  23,  22,  21,  21,  20,  19,  18,  18,  18,  18,  18,  18,  17,  18,  20,  20,  22,  22,  21,  22,  23,  23]

  26 [  39,  37,  35,  33,  30,  27,  24,  23,  22,  22,  21,  20,  19,  19,  19,  19,  19,  19,  18,  18,  19,  21,  21,  22,  22,  23,  22,  24]

  27 [  42,  40,  38,  36,  33,  30,  27,  25,  24,  22,  23,  22,  21,  19,  20,  19,  19,  20,  20,  19,  19,  19,  21,  22,  23,  23,  24,  23]

  28 [  43,  41,  39,  37,  34,  31,  28,  26,  25,  23,  22,  23,  22,  20,  19,  20,  20,  21,  21,  20,  20,  20,  22,  23,  22,  23,  24,  24]

  29 [  44,  42,  40,  38,  35,  32,  29,  27,  26,  24,  23,  24,  23,  21,  20,  20,  21,  22,  22,  21,  21,  21,  23,  24,  23,  22,  23,  25]

  30 [  45,  43,  41,  39,  36,  33,  30,  28,  27,  25,  24,  25,  24,  22,  21,  21,  21,  23,  23,  22,  22,  22,  24,  25,  24,  23,  24,  26]

  31 [  47,  45,  43,  41,  38,  35,  32,  30,  28,  27,  26,  25,  26,  24,  23,  22,  22,  21,  22,  23,  22,  23,  22,  23,  24,  25,  24,  24]


--- BACKTRACE TABLE ---
	     1    2    3    4    5    6    7    8    9   10   11   12   13   14   15   16   17   18   19   20   21   22   23   24   25   26   27   28
	 ____________________________________________________________________________________________________________________________________________
   1 [   0,   0,   0,   0,   0,   0,   0,   0,   0,   0,   0,   0,   0,   0,   0,   0,   0,   0,   0,   0,   0,   0,   0,   0,   0,   0,   0,   0]

   2 [   0,   3,   1, 300,   3,   3,   3,   1,   1,   3,   1,   1,   1,   3,   1,   3,   3,   1,   1,   1,   1,   3,   1,   1,   1,   1,   1,   1]

   3 [   0,   2,   2,   2, 300,   3,   3,   1,   1,   3,   1,   1,   1,   3,   1,   3,   3,   1,   1,   1,   1,   3,   1,   1,   1,   1,   1,   1]

   4 [   0,   3,   3,   3,   3, 300,   3,   1,   1,   3,   1,   1,   1,   3,   1,   3,   3,   1,   1,   1,   1,   3,   1,   1,   1,   1,   1,   1]

   5 [   0,   2,   2,   3,   3,   3, 300,   3,   3,   3,   1,   1,   1,   3,   1,   3,   3,   1,   1,   1,   1,   3,   1,   1,   1,   1,   1,   1]

   6 [   0,   2,   2,   3,   3,   3,   3, 300,   3,   3,   1,   3,   3,   3,   1,   3,   3,   1,   1,   1,   1,   3,   1,   1,   1,   1,   1,   1]

   7 [   0,   3,   2,   3,   3,   3,   3,   3, 300,   3,   1,   1,   1,   3,   1,   3,   3,   3,   1,   3,   3,   3,   3,   1,   1,   1,   1,   3]

   8 [   0,   3,   2,   3,   3,   3,   3,   3,   3, 300,   1,   1,   1,   3,   1,   3,   3,   3,   1,   3,   3,   3,   3,   1,   1,   1,   1,   3]

   9 [   0,   3,   3,   3,   3,   3,   3,   3,   3,   3, 300,   3,   3,   3,   1,   3,   3,   1,   1,   1,   1,   3,   1,   1,   1,   1,   1,   1]

  10 [   0,   3,   2,   3,   2,   3,   3,   3,   3,   3,   2, 300,   3,   3,   1,   3,   3,   3,   1,   3,   3,   3,   3,   1,   1,   1,   1,   3]

  11 [   0,   2,   2,   2,   2,   2,   2,   2,   2,   3,   3, 200,   2,   3,   3,   3,   3,   1,   1,   1,   1,   3,   1,   1,   3,   3,   1,   1]

  12 [   0,   2,   2,   2,   2,   2,   2,   3,   3,   3,   2,   3, 300,   3,   2,   3,   3,   3,   3,   3,   3,   3,   3,   3,   1,   1,   3,   3]

  13 [   0,   2,   2,   2,   2,   2,   2,   3,   3,   3,   2,   3,   3, 300,   1,   3,   3,   3,   3,   3,   3,   3,   3,   3,   1,   1,   3,   3]

  14 [   0,   2,   2,   2,   2,   2,   2,   2,   2,   3,   3,   2,   2,   3, 300,   3,   3,   2,   2,   2,   2,   3,   1,   1,   3,   3,   1,   1]

  15 [   0,   3,   3,   3,   3,   3,   3,   3,   3,   3,   3,   3,   3,   3,   3, 300,   3,   3,   1,   3,   3,   3,   3,   1,   1,   3,   3,   3]

  16 [   0,   2,   2,   2,   2,   2,   2,   2,   2,   2,   3,   1,   1,   2,   3, 200,   3,   1,   1,   2,   2,   3,   2,   2,   3,   3,   1,   1]

  17 [   0,   3,   3,   3,   3,   3,   3,   3,   3,   3,   3,   3,   3,   3,   3,   3, 300,   3,   1,   3,   3,   3,   3,   1,   1,   3,   3,   3]

  18 [   0,   3,   2,   3,   2,   2,   2,   3,   3,   2,   2,   3,   3,   3,   1,   2,   3, 300, 100,   3,   3,   3,   3,   1,   1,   1,   3,   3]

  19 [   0,   2,   2,   2,   2,   2,   2,   2,   2,   3,   3,   2,   2,   3,   3,   2,   2,   2, 200,   2,   2,   3,   1,   1,   3,   3,   1,   2]

  20 [   0,   2,   2,   2,   2,   2,   2,   2,   2,   3,   3,   2,   2,   3,   3,   3,   2,   2, 200,   2,   2,   3,   2,   2,   3,   3,   1,   1]

  21 [   0,   2,   2,   2,   2,   2,   2,   2,   2,   3,   3,   2,   2,   3,   3,   3,   3,   2, 200,   2,   2,   3,   2,   2,   3,   3,   1,   1]

  22 [   0,   2,   2,   2,   2,   2,   2,   2,   2,   3,   3,   2,   2,   3,   3,   3,   3,   2, 200,   2,   2,   3,   2,   2,   3,   3,   2,   2]

  23 [   0,   2,   2,   2,   2,   2,   2,   3,   2,   3,   2,   3,   3,   3,   2,   3,   3,   3,   3, 300,   3,   3,   3,   3,   2,   2,   3,   3]

  24 [   0,   2,   2,   2,   2,   2,   2,   3,   2,   3,   2,   3,   3,   3,   2,   3,   3,   3,   3,   3, 300,   3,   3,   3,   1,   2,   3,   3]

  25 [   0,   2,   2,   2,   2,   2,   2,   2,   2,   3,   3,   2,   2,   3,   3,   3,   3,   2,   2,   2,   2, 300,   1,   2,   3,   3,   2,   2]

  26 [   0,   2,   2,   2,   2,   2,   2,   3,   2,   3,   2,   3,   3,   3,   2,   3,   3,   3,   3,   3,   3,   3, 300,   3,   2,   2,   3,   3]

  27 [   0,   3,   3,   3,   3,   3,   3,   3,   3,   3,   3,   3,   3,   3,   3,   3,   3,   3,   3,   3,   3,   3,   1, 300,   3,   3,   3,   3]

  28 [   0,   2,   2,   2,   2,   2,   2,   2,   2,   2,   3,   2,   2,   2,   3,   2,   3,   2,   2,   2,   2,   3,   2,   2, 300,   3,   1,   2]

  29 [   0,   2,   2,   2,   2,   2,   2,   2,   2,   2,   3,   2,   2,   2,   3,   3,   3,   2,   2,   2,   2,   3,   2,   2,   3, 300, 100,   2]

  30 [   0,   2,   2,   2,   2,   2,   2,   2,   2,   2,   3,   2,   2,   2,   3,   3,   3,   2,   2,   2,   2,   3,   2,   2,   3,   3, 200,   2]

  31 [   0,   3,   2,   3,   2,   2,   2,   2,   3,   2,   2,   3,   3,   2,   2,   3,   3,   3,   1,   3,   3,   3,   3,   1,   1,   2,   3, 300]


